0.16666666666666669
0.16689847009735745
0.16713091922005568
0.16736401673640167
0.16759776536312848
0.16783216783216784
0.16806722689075632
0.16830294530154277
0.16853932584269662
0.16877637130801687
0.16901408450704225
0.16925246826516221
0.1694915254237288
0.1669024045261669
0.16713881019830026
0.1673758865248227
0.16761363636363638
0.1678520625889047
0.1680911680911681
0.16833095577746077
0.1685714285714286
0.1688125894134478
0.16905444126074498
0.16929698708751792
0.16954022988505746
0.1697841726618705
0.17002881844380405
0.17027417027417027
0.17052023121387286
0.17076700434153402
0.17101449275362318
0.17126269956458637
0.17151162790697677
0.1717612809315866
0.17201166180758018
0.17226277372262774
0.17251461988304093
0.16983894582723277
0.17008797653958943
0.1703377386196769
0.17058823529411765
0.17083946980854198
0.1710914454277286
0.1713441654357459
0.1715976331360947
0.17185185185185184
0.17210682492581603
0.1723625557206538
0.17261904761904762
0.17287630402384502
0.17313432835820894
0.1733931240657698
0.17365269461077848
0.17391304347826086
0.1741741741741742
0.17443609022556392
0.1746987951807229
0.1719457013574661
0.17220543806646527
0.1724659606656581
0.17272727272727273
0.17298937784522
0.17325227963525835
0.1735159817351598
0.173780487804878
0.17099236641221377
0.1712538226299694
0.17151607963246557
0.17177914110429449
0.17204301075268816
0.16923076923076924
0.16949152542372883
0.16975308641975312
0.17001545595054093
0.1702786377708978
0.17054263565891473
0.17080745341614906
0.17107309486780717
0.17133956386292834
0.17160686427457097
0.17187500000000003
0.17214397496087633
0.1724137931034483
0.1726844583987441
0.17295597484276728
0.1732283464566929
0.17350157728706622
0.17377567140600314
0.17405063291139242
0.17432646592709983
0.1746031746031746
0.17488076311605724
0.17515923566878983
0.17543859649122806
0.1757188498402556
0.176
0.17628205128205127
0.1765650080256822
0.17684887459807075
0.17713365539452497
0.1774193548387097
0.17770597738287564
0.1779935275080906
0.17828200972447328
0.17857142857142858
0.17886178861788618
0.1791530944625407
0.17944535073409462
0.17973856209150324
0.18003273322422259
0.17704918032786887
0.1773399014778325
0.17763157894736842
0.17792421746293247
0.17491749174917492
0.17520661157024794
0.17549668874172186
0.1724709784411277
0.1727574750830565
0.173044925124792
0.1733333333333333
0.17362270450751255
0.1739130434782609
0.17420435510887772
0.174496644295302
0.17142857142857143
0.1717171717171717
0.17200674536256325
0.17229729729729729
0.17258883248730963
0.1728813559322034
0.1731748726655348
0.17346938775510204
0.1737649063032368
0.17406143344709896
0.17435897435897438
0.17465753424657535
0.17495711835334476
0.1752577319587629
0.1755593803786575
0.17586206896551723
0.1761658031088083
0.1764705882352941
0.17677642980935876
0.17708333333333331
0.17391304347826086
0.17421602787456447
0.1745200698080279
0.17482517482517484
0.1751313485113835
0.17543859649122806
0.17574692442882248
0.176056338028169
0.17636684303350972
0.17667844522968199
0.1769911504424779
0.1773049645390071
0.17761989342806395
0.1779359430604982
0.1746880570409982
0.17500000000000002
0.17531305903398928
0.17562724014336917
0.17594254937163376
0.17625899280575538
0.17657657657657658
0.1768953068592058
0.17721518987341772
0.17753623188405798
0.17422867513611615
0.17454545454545453
0.17486338797814208
0.17518248175182483
0.17550274223034734
0.1758241758241758
0.1761467889908257
0.17279411764705882
0.1731123388581952
0.17343173431734318
0.17375231053604437
0.17407407407407408
0.1743970315398887
0.1747211895910781
0.1750465549348231
0.17537313432835822
0.17570093457943922
0.17602996254681647
0.17636022514071292
0.17669172932330826
0.1770244821092279
0.17735849056603775
0.1776937618147448
0.17803030303030307
0.17836812144212524
0.17870722433460076
0.17904761904761904
0.1793893129770992
0.17973231357552583
0.18007662835249041
0.17658349328214973
0.17692307692307693
0.17726396917148363
0.17760617760617758
0.17794970986460348
0.17829457364341084
0.17864077669902914
0.17898832684824903
0.1793372319688109
0.1796875
0.18003913894324855
0.18039215686274512
0.1807465618860511
0.1811023622047244
0.1775147928994083
0.17786561264822134
0.17821782178217818
0.17857142857142858
0.17892644135188868
0.17928286852589642
0.17964071856287425
0.18
0.18036072144288576
0.1807228915662651
0.18108651911468812
0.18145161290322584
0.18181818181818182
0.18218623481781376
0.1825557809330629
0.18292682926829268
0.18329938900203666
0.1836734693877551
0.18404907975460122
0.1844262295081967
0.18480492813141686
0.1851851851851852
0.18144329896907216
0.18181818181818182
0.18219461697722567
0.18257261410788383
0.18295218295218296
0.18333333333333335
0.1837160751565762
0.18410041841004182
0.18448637316561844
0.18487394957983191
0.18526315789473682
0.18565400843881855
0.186046511627907
0.18644067796610167
0.18259023354564755
0.18297872340425533
0.18336886993603413
0.18376068376068375
0.17987152034261242
0.18025751072961374
0.1763440860215054
0.17241379310344826
0.17278617710583152
0.17316017316017318
0.17353579175704992
0.1739130434782609
0.17429193899782136
0.17467248908296942
0.175054704595186
0.1754385964912281
0.1758241758241758
0.1762114537444934
0.17660044150110374
0.17699115044247787
0.17738359201773835
0.17777777777777778
0.17817371937639198
0.17857142857142858
0.17897091722595077
0.179372197309417
0.1797752808988764
0.1801801801801802
0.18058690744920994
0.18099547511312217
0.18140589569160995
0.18181818181818182
0.18223234624145784
0.182648401826484
0.1830663615560641
0.18348623853211007
0.1839080459770115
0.18433179723502302
0.18013856812933027
0.18055555555555555
0.18097447795823665
0.1813953488372093
0.18181818181818182
0.1822429906542056
0.18266978922716628
0.18309859154929575
0.1835294117647059
0.17924528301886794
0.17966903073286056
0.18009478672985782
0.1805225653206651
0.18095238095238095
0.18138424821002386
0.17703349282296652
0.17745803357314152
0.1778846153846154
0.1783132530120482
0.178743961352657
0.1791767554479419
0.1796116504854369
0.18004866180048662
0.1804878048780488
0.1809290953545232
0.1813725490196078
0.18181818181818182
0.18226600985221678
0.18271604938271602
0.18316831683168316
0.18362282878411912
0.18407960199004975
0.18453865336658354
0.18499999999999997
0.18546365914786966
0.18592964824120606
0.18639798488664988
0.18686868686868688
0.18734177215189873
0.1878172588832487
0.18829516539440203
0.18877551020408162
0.1892583120204604
0.18974358974358976
0.19023136246786632
0.18556701030927836
0.186046511627907
0.1865284974093264
0.18701298701298702
0.18750000000000003
0.18798955613577026
0.18848167539267013
0.1889763779527559
0.18947368421052632
0.18469656992084435
0.1851851851851852
0.1856763925729443
0.18617021276595744
0.18666666666666668
0.18716577540106952
0.18766756032171583
0.1881720430107527
0.18867924528301888
0.18918918918918917
0.18970189701897022
0.1847826086956522
0.18528610354223432
0.18579234972677594
0.1863013698630137
0.18681318681318684
0.18732782369146003
0.18784530386740333
0.1883656509695291
0.1888888888888889
0.18941504178272978
0.18994413407821228
0.1904761904761905
0.19101123595505617
0.19154929577464788
0.192090395480226
0.1926345609065156
0.19318181818181815
0.19373219373219372
0.19428571428571428
0.18911174785100288
0.1839080459770115
0.18443804034582134
0.18497109826589597
0.1855072463768116
0.18604651162790697
0.18658892128279883
0.1871345029239766
0.187683284457478
0.18823529411764706
0.18289085545722714
0.18343195266272191
0.18397626112759644
0.18452380952380953
0.18507462686567167
0.18562874251497005
0.18618618618618618
0.18674698795180722
0.18731117824773416
0.18787878787878787
0.1884498480243161
0.18902439024390244
0.18348623853211007
0.18404907975460125
0.18461538461538463
0.18518518518518517
0.18575851393188855
0.18633540372670807
0.18691588785046728
0.1875
0.18808777429467086
0.18867924528301888
0.1892744479495268
0.189873417721519
0.19047619047619047
0.19108280254777069
0.19169329073482427
0.1923076923076923
0.19292604501607719
0.18709677419354837
0.1877022653721683
0.18181818181818182
0.18241042345276876
0.18300653594771243
0.18360655737704915
0.18421052631578946
0.1848184818481848
0.18543046357615894
0.18604651162790697
0.18666666666666668
0.18729096989966557
0.1879194630872483
0.18855218855218855
0.18918918918918917
0.18983050847457625
0.1836734693877551
0.18430034129692832
0.18493150684931509
0.18556701030927833
0.18620689655172412
0.18685121107266436
0.1875
0.1881533101045296
0.18881118881118883
0.1894736842105263
0.19014084507042256
0.19081272084805656
0.19148936170212766
0.1921708185053381
0.19285714285714287
0.1935483870967742
0.19424460431654678
0.19494584837545129
0.1956521739130435
0.19636363636363638
0.1970802919708029
0.1978021978021978
0.1985294117647059
0.19926199261992616
0.19999999999999998
0.2007434944237918
0.20149253731343283
0.20224719101123598
0.20300751879699247
0.19622641509433963
0.19696969696969696
0.19771863117870722
0.1984732824427481
0.19923371647509577
0.2
0.2007722007722008
0.20155038759689928
0.20233463035019458
0.203125
0.203921568627451
0.20472440944881892
0.20553359683794464
0.20634920634920637
0.20717131474103584
0.20800000000000002
0.20883534136546184
0.2096774193548387
0.21052631578947367
0.2113821138211382
0.21224489795918366
0.21311475409836064
0.205761316872428
0.2066115702479339
0.1991701244813278
0.2
0.200836820083682
0.20168067226890757
0.20253164556962028
0.20338983050847456
0.2042553191489362
0.1965811965811966
0.19742489270386263
0.1982758620689655
0.19047619047619047
0.1826086956521739
0.18340611353711792
0.18421052631578946
0.18502202643171806
0.18584070796460175
0.17777777777777776
0.17857142857142858
0.17937219730941703
0.18018018018018017
0.18099547511312217
0.18181818181818182
0.182648401826484
0.18348623853211007
0.18433179723502302
0.18518518518518517
0.18604651162790697
0.18691588785046725
0.18779342723004694
0.1792452830188679
0.18009478672985782
0.18095238095238095
0.18181818181818182
0.18269230769230765
0.18357487922705312
0.18446601941747573
0.18536585365853656
0.18627450980392157
0.18719211822660098
0.18811881188118812
0.18905472636815923
0.19
0.19095477386934673
0.1919191919191919
0.19289340101522842
0.19387755102040818
0.19487179487179487
0.1958762886597938
0.19689119170984454
0.19791666666666669
0.1989528795811518
0.19999999999999998
0.20105820105820105
0.2021276595744681
0.20320855614973263
0.2043010752688172
0.20540540540540536
0.2065217391304348
0.19672131147540983
0.1978021978021978
0.19889502762430938
0.2
0.2011173184357542
0.20224719101123598
0.2033898305084746
0.20454545454545456
0.2057142857142857
0.20689655172413793
0.20809248554913296
0.20930232558139533
0.2105263157894737
0.21176470588235294
0.21301775147928995
0.21428571428571427
0.2155688622754491
0.21686746987951805
0.20606060606060606
0.20731707317073172
0.2085889570552147
0.20987654320987656
0.21118012422360247
0.2125
0.21383647798742136
0.21518987341772153
0.21656050955414013
0.21794871794871795
0.21935483870967742
0.2207792207792208
0.2222222222222222
0.22368421052631576
0.2251655629139073
0.22666666666666666
0.22818791946308722
0.22972972972972974
0.23129251700680276
0.23287671232876708
0.23448275862068968
0.2361111111111111
0.23776223776223776
0.23943661971830987
0.22695035460992907
0.2285714285714286
0.23021582733812948
0.2318840579710145
0.23357664233576642
0.23529411764705882
0.23703703703703705
0.23880597014925373
0.24060150375939848
0.2424242424242424
0.24427480916030536
0.23076923076923075
0.21705426356589147
0.21874999999999997
0.2204724409448819
0.22222222222222224
0.22400000000000003
0.22580645161290322
0.22764227642276422
0.22950819672131148
0.23140495867768598
0.23333333333333334
0.23529411764705882
0.23728813559322037
0.2393162393162393
0.22413793103448276
0.22608695652173916
0.2280701754385965
0.23008849557522124
0.21428571428571427
0.2162162162162162
0.2181818181818182
0.22018348623853212
0.22222222222222224
0.22429906542056074
0.22641509433962265
0.2285714285714286
0.23076923076923075
0.23300970873786406
0.23529411764705882
0.2376237623762376
0.24
0.24242424242424246
0.24489795918367346
0.24742268041237117
0.25
0.2526315789473684
0.25531914893617025
0.25806451612903225
0.26086956521739135
0.26373626373626374
0.26666666666666666
0.2696629213483146
0.27272727272727276
0.2758620689655173
0.25581395348837205
0.25882352941176473
0.2619047619047619
0.2650602409638554
0.26829268292682923
0.2469135802469136
0.25
0.25316455696202533
0.2564102564102564
0.2597402597402597
0.2631578947368421
0.26666666666666666
0.24324324324324323
0.2465753424657534
0.24999999999999997
0.2535211267605634
0.2285714285714286
0.2318840579710145
0.23529411764705882
0.208955223880597
0.18181818181818182
0.15384615384615385
0.125
0.09523809523809523
0.06451612903225806
0.03278688524590164
0.0
